2.713399919913658722e-03
3.871363364165315568e-01
2.007383401341463980e+00
1.758138656453071214e+00
1.100662755364348211e+00
5.733065093259351493e-03
-1.274071941597800656e-02
3.227498186225764842e-02
3.220102338735249259e-02
4.389918415021745735e-02
-8.207460026158769351e-04
-4.985445695784246345e-02
-1.348384075656654940e-02
1.000000000000000000e+00
2.028557236119875318e-02
3.648092899687170598e-02
-4.700660908816770706e-02
1.281946456024998793e-02
-4.437389022697157959e-02
3.794862731380387044e-02
-9.881543092119957072e-03
2.766813093429898451e-02
-2.660726160820865716e-02
4.124935876488330933e-02
4.583696003938557417e-02
2.587447538937487357e-02
-3.936676007158151913e-02
1.624134416227743238e-02
-2.306391172205395426e-02
-4.170358473120227422e-02
-2.103350936621617429e-02
-3.988133956332665098e-02
2.989137603137806409e-02
-4.567014721690119267e-02
-2.214996082340079525e-02
1.464501954101478376e-02
-2.810316071407638339e-02
-4.318781743512738885e-02
4.806657781571885280e-02
-3.072065642018582260e-02
4.160434112308100674e-02
1.333338009777719491e-02
2.843702756639703184e-04
