2.143419499220185903e-02
3.597971901179960463e-01
1.087602846925292743e+00
1.998877798356671232e+00
7.142490302768909061e-01
2.990613098382529852e-02
-3.648316003094018850e-02
9.006040254197225647e-03
2.409997165116468942e-02
-3.424720860626409569e-02
3.974760836396701302e-02
-1.291336888357937085e-02
1.090632613928631256e-03
1.000000000000000000e+00
1.842678402386199732e-02
-2.656027308113144761e-02
-1.420362276060539719e-02
-4.845980671864827394e-03
6.735638395059265204e-03
1.222476587208741472e-02
-1.528548404844615183e-02
3.935246262297903419e-02
-4.556887628065021956e-02
-7.888692386060693063e-03
-4.385551463965565999e-02
-3.397268168235458019e-02
1.858122749388624317e-03
-2.002912292403412689e-02
-3.794673977072903631e-02
2.999404215471056234e-02
4.365412522930460504e-02
-4.194460293201590639e-02
2.656155787166164517e-02
4.975010142792524181e-02
-2.942095298766985931e-02
4.934560812594611379e-02
-7.145424053710713874e-03
1.543983363394930974e-02
-2.172620023571887604e-02
-2.443917832308611926e-02
-4.035915697298857879e-02
9.399398998933404525e-03
7.515740598447992471e-03
