1.193964036280660730e-02
2.324731618015299928e-01
2.068058397698262496e+00
4.273869414320365934e+00
1.203245065064792341e+00
3.142213731947533090e-02
-1.334800808054707050e-02
-2.143295497490493862e-02
1.527288026212283989e-03
-4.815978903221795199e-02
-1.253068351195976010e-02
-3.931158002726692358e-02
3.841153854163441295e-02
1.000000000000000000e+00
-1.961331605766754305e-02
-2.899289300806008607e-02
-2.560028385096474457e-02
-3.589412101773401670e-02
5.786854869468546769e-03
-6.893835796010869266e-03
3.645931496187418408e-02
-4.454833310986042877e-02
-2.440177150840634746e-02
3.327101534571408337e-02
-4.694528167786511663e-02
-2.645044371677243711e-04
4.231209696753461535e-02
1.251790962819998576e-02
3.840399290851786995e-02
-3.632675524554281055e-02
4.696656428268337902e-02
1.633687127345226364e-02
-1.216819543410811028e-02
8.886027409327201809e-04
4.510839767071844753e-02
-1.304939856072489385e-02
-4.761328380805748828e-02
-9.716805095214095522e-03
1.864123389253846685e-03
-4.108825342982666551e-02
3.441407606506667605e-02
-1.781402963066841538e-02
7.971806953234012241e-03
