2.436505013610224760e-03
3.781772623295464042e-01
1.715157566566093639e+00
2.971334595835124492e+00
7.745918838474961099e-01
5.020212249643414039e-03
-2.186885731148487111e-02
-4.836437898726363843e-02
-3.179915724599578081e-02
-9.002016325164431676e-03
1.607914532541895869e-02
1.046195835016278108e-02
-6.758008171723436930e-03
1.000000000000000000e+00
-1.788471230193366263e-02
3.220507647652907923e-02
6.163925708353924782e-03
3.653707472388026400e-02
9.244419649329184419e-03
4.006430211111826345e-02
-2.530896609824639931e-02
2.056857970571815408e-02
1.047949315727196573e-02
-3.853857826151348143e-02
1.714725124737118134e-02
-3.231928832306377175e-02
-3.698649915889903883e-02
-1.082354730055284930e-02
-4.273103070360132621e-02
4.412649814506590384e-02
-2.841830030571000990e-02
-2.372968728405221162e-03
2.131275596800276395e-02
-3.233503454535824329e-03
4.387559810667700233e-02
3.530447430872295234e-02
4.906062119089572848e-02
-1.161335493663205598e-02
1.454884610461686101e-02
-3.605662992984613041e-02
-4.078814537804321960e-02
-4.138030279374959458e-02
4.027650195670947134e-03
