2.369547612261649686e-02
1.399542483997400499e-01
2.492018095962159840e+00
4.480979104288401516e+00
1.224582738956309313e+00
5.532982752923971959e-02
-1.878413721489811256e-02
-5.408331031090694851e-03
4.029512633885209971e-02
3.254252792365273927e-02
-4.037853918228206246e-02
1.884162350041007628e-02
8.735506231333026173e-03
1.000000000000000000e+00
4.707169676744425713e-02
-2.309567999391886131e-02
-9.169000347592076716e-04
2.549583098159469152e-02
3.776717625754498486e-02
-4.434591423661896070e-02
-2.013965494335492531e-02
-4.281235300018461365e-02
-1.312211777122038875e-02
-3.428423866855043883e-02
-4.344027469083756865e-02
4.866278254241837575e-03
3.086895176287801634e-02
-2.270718585641232773e-02
1.400143426158509397e-02
2.164083219575599348e-02
1.959140061121621146e-02
2.229190658528518165e-02
-3.241061062920423674e-02
3.622544115310670498e-02
4.622540067995055402e-02
-1.479791628531645920e-02
5.953115319746425660e-03
-4.724618898306112702e-02
-4.237848149335992493e-02
3.975737040777770070e-03
-5.339894419339810683e-03
-2.347065482527525143e-02
4.415863480040357891e-02
